178.509
178.513
178.505
178.516
178.53
178.488
178.495
178.505
178.52
178.521
178.503
178.544
178.546
178.507
178.473
178.485
178.469
178.453
178.485
178.452
178.451
178.54
178.473
178.51
178.507
178.493
178.502
178.519
178.443
178.505
178.527
178.549
178.505
178.533
178.505
178.605
178.59
178.582
178.491
178.517
178.455
178.477
178.485
178.508
178.493
178.506
178.5
178.532
178.515
178.45
178.454
178.502
178.488
178.481
178.473
178.482
178.515
178.495
178.514
187.731
187.731
178.415
178.425
178.487
178.43
178.424
178.456
178.476
178.439
178.496
178.526
178.498
178.533
178.526
178.402
178.504
178.512
178.522
178.503
178.52
178.559
178.482
178.528
178.499
178.483
178.456
178.491
178.468
178.471
178.436
178.486
178.483
183.107
178.472
178.504
178.472
178.509
178.435
178.535
178.513
178.527
178.535
178.579
178.552
178.563
178.521
178.545
178.513
178.548
178.564
178.577
178.553
178.547
178.477
178.585
178.571
178.5
178.554
178.569
178.559
178.497
178.536
178.55
178.523
178.56
178.552
178.571
178.558
178.579
178.561
178.458
178.542
178.523
178.468
178.469
178.458
178.48
178.425
178.49
178.522
178.552
178.569
178.576
178.561
178.595
178.575
178.559
178.441
178.538
178.513
178.552
178.708
178.491
178.586
178.511
178.474
178.45
178.464
178.456
178.494
178.422
178.468
178.444
178.471
178.476
178.504
178.499
178.52
178.485
189.649
178.625
178.52
178.5
178.497
178.585
178.439
178.589
178.493
178.561
187.764
187.728
183.071
178.446
178.474
178.442
178.445
178.454
178.457
178.483
178.507
178.522
178.487
178.573
178.5
178.519
178.439
178.447
178.486
178.501
178.449
178.476
178.561
178.535
178.487
178.438
178.433
178.42
178.428
178.4
178.454
178.451
178.502
178.428
178.486
178.489
178.543
178.48
178.455
178.541
178.521
178.578
178.528
178.49
178.527
178.526
178.482
178.424
178.459
178.472
178.432
178.473
178.472
178.482
178.427
178.473
178.43
178.509
178.525
178.552
178.495
178.528
178.544
178.541
178.536
178.498
178.48
178.498
178.602
178.47
178.489
178.436
178.515
178.442
178.484
178.418
178.491
178.476
178.502
178.539
178.509
178.5
178.533
178.549
178.541
178.523
182.585
178.499
178.471
178.544
178.646
178.505
178.547
178.55
178.563
178.518
178.502
178.455
178.453
178.404
178.448
178.47
178.448
178.493
178.52
178.566
178.438
178.503
178.45
178.5
178.498
178.669
178.491
178.549
178.512
178.525
178.506
178.584
178.545
178.515
178.548
178.544
178.475
178.487
178.504
178.495
178.513
178.499
178.55
178.455
178.539
178.516
178.486
178.555
178.527
178.53
178.584
178.569
178.538
178.629
178.875
178.569
178.494
178.502
178.493
178.451
178.478
178.475
178.552
178.511
178.511
178.499
178.557
178.484
178.435
178.576
178.559
178.506
178.543
178.558
178.497
178.747
178.519
178.553
178.542
178.582
178.484
178.505
178.51
178.497
178.461
178.447
178.47
178.505
178.521
178.557
178.503
178.457
178.56
178.554
178.563
178.556
178.637
178.536
178.518
178.506
178.474
178.527
178.534
178.432
178.547
178.47
178.49
179.101
178.464
178.41
178.432
178.416
178.436
178.476
178.527
178.461
178.485
178.527
178.487
178.521
178.494
178.536
178.475
178.565
178.568
178.452
178.544
