46.895
161.195
78
39.844
36.019
33.941
33.796
142.948
48.161
140.377
34.15
151.687
198.321
164.332
34.776
34.674
35.004
91.288
35.217
33.982
33.939
34.515
35.105
36.992
35.161
33.675
34.935
34.586
34.274
34.298
36.414
34.171
34.086
34.348
34.387
34.641
34.661
34.95
33.766
35.418
34.044
34.294
33.864
36.736
35.482
35.919
35.748
33.995
35.086
35.633
34.662
33.926
33.836
33.903
33.649
34.439
33.844
34.152
34.392
35.416
34.301
49.313
35.084
35.665
38.308
34.878
34.169
38.356
36.867
38.989
35.168
36.223
37.65
34.427
35.531
39.821
38.64
40.649
40.03
39.367
41.613
42.283
41.913
66.582
42.056
40.341
41.409
39.622
39.05
38.687
38.759
39.504
37.681
41.611
40.336
39.214
36.334
38.149
39.414
38.633
39.211
37.93
38.985
36.08
33.589
33.578
33.825
36.744
33.611
34.144
34.214
37.347
39.476
36.795
36.053
36.108
37.056
37.252
39.308
35.457
35.965
37.32
35.246
38.155
35.962
37.354
35.653
36.89
36.796
38.116
41.441
37.591
38.586
36.511
36.195
106.023
150.47
80.902
106.178
62.703
42.028
47.249
45.283
94.061
50.287
125.037
52.118
161.07
55.467
69.244
106.164
294.444
78.137
107.211
230.574
54.709
101.668
87.031
57.978
103.157
80.692
85.112
43.727
58.558
145.844
42.74
55.915
92.252
64.178
51.605
60.578
73.19
114.227
79.163
51.426
114.682
84.846
137.093
82.83
110.014
51.522
60.493
99.214
66.368
58.481
43.442
49.762
184.83
54.824
48.428
46.555
48.288
44.874
40.961
47.648
48.008
42.687
48.33
46.038
46.553
44.5
43.425
44.66
43.172
41.752
53.633
47.238
49.005
47.982
46.061
54.254
45.158
41.835
46.108
49.249
43.473
57.013
47.924
65.211
43.49
48.731
49.315
45.969
45.091
42.177
50.98
42.583
47.433
44.862
47.813
44.275
47.591
50.898
48.141
46.491
50.288
48.012
67.533
61.286
58.145
57.345
60.366
48.565
47.724
56.83
74.976
55.484
58.066
49.31
49.957
56.044
72.027
48.627
57.652
54.862
46.344
51.62
42.162
49.525
57.686
82.639
60.754
51.068
48.776
62.582
45.66
62.54
60.823
56.661
45.363
47.398
52.725
72.189
69.568
65.191
77.138
80.87
83.819
75.656
80.238
63.864
48.228
53.957
50.89
49.473
51.803
48.498
58.626
66.823
47.135
69.356
51.908
42.746
52.158
48.84
47.943
44.911
42.545
44.86
36.463
37.524
37.458
43.453
43.683
46.205
45.979
44.747
44.296
41.295
42.332
41.993
45.913
35.82
62.874
107.325
40.655
39.68
40.825
35.807
40.399
39.184
39.989
35.723
42.709
39.787
70.055
39.445
53.876
40.857
50.264
75.627
52.826
52.281
43.788
52.304
45.152
40.161
42.02
43.239
42.896
50.673
39.643
44.939
36.177
35.912
36.295
35.533
38.412
36.308
38.307
34.866
67.044
38.827
35.737
36.397
41.153
40.947
44.49
40.874
40.827
38.741
40.989
42.367
37.428
37.921
39.709
40.885
38.113
37.354
37.213
41.758
38.547
37.718
39.168
38.163
39.553
35.379
37.839
38.321
46.065
42.467
36.584
39.534
35.083
35.311
39.104
39.362
43.281
35.21
34.253
43.971
