43.817
44.057
43.881
43.806
43.811
43.794
43.83
43.825
43.84
43.83
43.825
43.831
43.849
43.869
43.833
43.853
43.842
43.839
43.869
43.852
43.852
43.891
43.912
43.887
43.921
43.959
43.857
44.118
43.874
43.879
43.909
43.931
43.893
43.893
43.873
43.888
43.885
44.114
43.911
43.909
43.913
43.891
43.924
44.034
43.926
43.912
43.924
43.993
43.933
44.146
43.938
43.943
40.646
40.767
40.636
40.662
40.641
40.717
40.705
40.648
40.781
40.669
40.665
40.899
40.845
40.711
40.666
40.666
40.668
41.063
40.729
40.708
40.691
41.065
40.952
41.064
40.909
40.866
41.046
41.217
40.866
41.052
41.325
41.403
41.187
42.274
41.187
41.191
41.166
41.697
40.843
40.823
40.91
40.722
40.734
41.025
40.725
40.873
40.747
40.738
40.735
40.795
40.734
40.747
40.79
40.816
40.867
40.754
40.916
40.817
41.015
40.762
40.84
40.787
40.955
40.986
40.789
40.924
40.798
41.102
41.283
40.815
40.166
40.15
40.173
40.17
40.154
40.151
40.163
40.159
52.68
40.312
40.368
40.211
40.193
40.222
40.257
40.356
40.277
40.244
40.258
40.247
40.264
40.268
40.275
40.294
40.274
40.321
40.278
40.315
40.331
40.32
40.477
40.308
40.335
40.308
40.328
40.318
40.337
40.286
40.286
40.298
40.386
40.39
40.357
40.397
40.374
40.412
40.369
40.409
40.437
40.344
40.335
40.355
40.352
40.544
40.365
40.331
40.419
40.344
40.423
40.342
40.343
40.345
40.345
40.349
40.347
40.353
40.342
40.37
40.367
40.372
40.369
40.379
40.49
40.506
40.581
40.372
40.378
40.396
40.386
40.386
40.4
40.401
40.392
40.736
40.401
40.444
40.405
40.476
40.403
40.416
40.528
40.421
40.468
40.413
40.438
40.434
40.437
40.731
40.442
40.52
40.453
40.468
40.442
40.447
40.457
40.479
40.486
40.704
40.685
40.706
40.47
40.457
40.593
40.498
40.513
40.896
40.531
40.855
40.589
40.511
40.519
40.527
40.588
40.612
40.974
40.538
40.645
40.567
41.944
42.027
42.056
42.196
40.787
40.554
40.722
40.559
40.673
40.532
40.705
40.63
40.665
40.64
40.568
40.644
40.641
40.574
40.569
40.69
40.571
40.581
40.671
40.85
40.607
40.761
41.033
40.926
40.724
40.777
40.654
40.802
40.618
40.897
40.652
40.786
40.631
40.594
40.598
40.908
41.235
41.235
42.267
40.732
40.66
40.634
40.739
40.958
40.617
40.809
40.725
40.691
40.7
40.634
40.667
40.684
40.703
40.75
40.859
40.662
40.964
40.822
40.795
40.677
40.767
40.676
40.703
40.729
40.805
40.688
40.804
40.957
40.999
40.788
40.702
40.887
40.797
40.966
40.791
41.128
40.871
40.762
40.958
40.837
40.784
40.751
42.569
40.765
40.871
40.936
41.038
41.227
40.759
40.805
41.58
42.237
40.788
41.134
40.912
40.856
40.81
40.847
40.782
40.816
40.777
40.783
40.901
40.801
40.94
41.153
42.423
40.871
40.808
41.048
43.207
42.259
41.121
41.124
41.016
41.115
41.042
40.885
40.994
40.843
40.919
40.93
