171.759
171.962
172.184
172.035
175.196
171.543
172.149
171.904
171.654
171.553
173.31
171.573
171.795
172.349
174.097
173.185
172.859
173.517
173.16
173.223
172.445
171.688
172.373
171.549
171.549
172.233
171.56
171.772
175.993
171.761
171.579
171.825
171.705
171.795
171.537
171.536
171.548
171.908
172.068
172.364
172.498
172.356
172.32
172.78
171.836
171.984
172.122
172.906
171.81
172.031
171.818
171.549
171.554
171.905
171.557
171.832
171.57
171.832
171.552
171.551
171.7
171.571
172.171
171.648
171.806
171.698
171.592
171.774
171.618
171.723
171.575
171.648
172.159
171.611
171.638
171.867
171.553
171.885
171.806
171.835
171.549
171.769
171.634
171.675
171.644
171.789
172.019
172.002
171.74
171.913
171.664
171.597
172.46
172.057
171.586
171.597
171.559
171.818
171.543
171.563
171.547
171.549
171.558
171.979
171.538
171.611
171.862
171.611
171.653
171.814
172.206
172.138
172.062
171.895
171.627
171.595
171.922
171.554
171.847
171.787
171.602
171.574
171.586
171.567
171.57
171.568
171.566
171.578
171.642
171.595
171.638
171.583
171.702
171.689
171.784
171.656
171.866
171.648
171.963
171.586
171.558
171.876
171.647
171.568
171.544
171.567
171.803
171.876
171.545
171.539
171.53
171.583
171.533
171.582
171.585
171.621
171.679
171.748
171.829
171.79
171.626
171.937
171.555
171.56
171.557
171.537
171.702
171.542
171.635
171.556
171.57
171.543
171.95
171.735
173.598
171.722
171.602
171.564
171.965
171.59
171.763
171.659
172.012
171.729
171.686
171.623
171.883
171.705
171.794
171.608
171.583
171.572
171.774
171.754
171.773
171.547
171.576
171.557
171.545
171.552
171.535
171.538
171.994
172.048
172.241
171.567
171.534
171.542
171.551
171.55
171.569
171.543
171.829
171.579
171.716
171.612
171.581
171.605
172.027
171.784
171.768
172.362
171.585
171.585
171.912
172.017
171.922
171.557
171.544
171.58
171.543
171.551
171.542
171.536
171.545
171.54
171.843
171.55
171.567
171.541
171.597
171.701
171.552
171.569
171.55
171.57
171.532
171.526
171.624
171.558
171.583
172.659
171.856
171.735
171.681
171.769
171.629
171.698
171.883
171.595
171.555
171.636
171.761
171.637
171.614
171.551
171.554
171.543
171.557
171.59
171.574
171.545
171.61
171.609
171.564
171.601
171.643
171.649
171.721
171.765
172.001
171.619
171.697
171.552
171.543
171.572
171.58
171.571
171.555
171.594
171.564
171.796
171.535
171.532
171.566
171.566
171.538
171.553
171.887
171.603
171.694
171.91
171.788
171.66
171.599
171.568
172.242
171.565
171.603
171.54
171.559
171.634
171.535
171.719
171.545
171.998
171.54
172.138
171.872
171.534
171.681
171.565
153.196
171.569
171.824
171.7
172.054
171.608
171.663
171.604
171.582
171.552
171.549
171.554
171.553
171.86
171.542
171.538
171.565
171.571
171.556
171.735
171.544
171.71
171.587
171.668
153.134
171.657
171.667
171.684
171.156
171.182
171.175
171.234
171.144
171.144
171.159
171.453
171.395
171.309
171.607
171.145
171.156
171.586
171.615
171.549
171.556
171.568
171.596
171.567
172.766
171.681
171.618
232.932
286.108
246.948
217.096
278.493
293.708
233.13
171.742
171.563
171.562
