171.711
171.746
171.983
171.83
174.286
171.567
171.616
171.561
171.566
171.551
171.552
171.588
171.595
171.753
171.778
171.547
171.532
171.549
171.531
171.6
171.565
171.86
171.611
171.861
171.738
171.698
171.799
171.581
171.549
171.551
171.549
171.546
171.598
171.55
171.66
171.551
171.594
171.563
171.536
171.543
172.541
171.566
171.556
171.555
172.168
171.586
171.93
171.629
171.607
171.696
171.873
171.581
171.697
171.755
172.272
171.548
171.573
171.627
171.527
171.529
171.765
171.557
171.547
171.732
171.536
171.542
171.545
171.678
171.548
171.543
171.548
171.527
171.557
171.547
171.687
171.577
171.559
171.55
171.974
171.542
171.657
171.548
171.591
171.669
171.583
171.803
171.587
172.082
171.737
171.562
171.613
171.559
171.527
171.551
171.551
171.546
171.74
171.556
171.538
171.55
171.822
171.536
172.218
172.334
171.545
171.552
171.574
171.599
171.531
171.57
171.545
171.538
171.552
171.543
171.556
171.762
171.571
171.747
171.63
171.961
171.949
172.138
171.729
172.28
171.574
171.548
171.536
171.646
171.564
171.564
171.538
171.532
171.544
171.546
171.536
171.533
171.609
171.522
171.578
171.561
171.555
171.608
171.627
171.678
171.669
171.656
171.607
171.725
171.696
171.555
171.542
171.557
171.544
171.549
171.908
172.02
171.534
171.566
171.675
171.534
171.617
171.549
171.548
171.529
171.54
171.604
171.694
171.821
171.973
171.82
171.585
171.592
171.572
171.561
171.578
171.533
171.533
171.553
171.52
171.706
171.757
171.536
171.529
171.612
171.825
171.537
172.312
171.894
152.7
171.712
171.684
171.643
171.996
171.691
171.611
172.537
171.793
171.547
171.552
171.563
171.879
172.004
171.552
171.539
171.626
171.535
171.547
171.52
171.538
171.791
171.622
171.55
171.671
171.565
171.599
171.724
171.438
171.248
171.298
171.158
171.147
171.147
171.177
171.189
171.463
171.132
171.164
171.149
171.278
171.567
171.638
171.555
171.565
171.571
171.571
171.592
172.796
171.986
211.315
296.513
214.874
260.461
241.991
215.75
250.494
293.531
171.561
171.564
171.764
171.552
171.557
171.559
171.559
178.032
171.552
171.554
175.225
171.555
171.559
