178.639
178.667
178.591
178.677
178.815
178.6
178.603
178.875
178.694
178.885
178.612
178.707
178.735
178.67
178.588
229.513
178.604
178.566
178.569
178.593
178.59
178.639
178.612
178.631
178.62
178.589
178.61
178.727
178.775
178.594
178.615
178.875
179.042
180.663
178.625
178.727
184.552
178.666
178.68
178.693
179.028
178.616
178.574
178.603
178.572
178.583
178.65
183.755
187.317
178.585
178.714
191.952
178.82
178.667
178.649
178.567
178.634
178.686
178.625
187.91
187.866
178.555
178.587
178.575
178.517
178.538
178.557
178.599
178.614
178.589
178.627
178.634
179.687
178.631
178.61
178.621
178.816
178.663
179.024
179.362
178.787
217.499
178.667
178.592
178.6
178.602
178.636
178.562
178.652
178.738
178.66
178.636
183.288
178.965
178.657
178.574
178.681
178.708
178.804
178.9
179.362
178.805
179.146
179.566
178.976
178.715
178.658
178.66
178.777
178.714
178.629
178.658
178.82
178.673
178.691
178.692
178.701
178.79
178.823
178.766
178.673
178.776
178.87
178.767
178.861
180.49
178.816
180.067
179.53
179.064
178.647
178.667
178.615
178.577
178.679
178.548
178.614
178.603
178.763
178.716
179.143
178.917
179.345
178.664
178.764
178.74
178.701
178.687
178.635
179.637
179.392
181.952
178.802
178.794
178.622
178.596
178.6
178.637
178.561
178.633
178.569
178.551
182.77
178.653
178.633
178.759
178.861
178.644
178.684
189.845
179.114
178.695
178.697
178.837
181.11
179.587
179.292
182.706
179.159
187.86
187.803
183.257
178.575
178.599
178.605
178.59
178.562
178.614
178.668
178.701
180.356
179.471
181.684
186.172
179.461
179.026
178.625
178.654
178.718
179.102
178.622
179.364
179.088
178.63
178.562
178.589
178.686
178.588
178.623
178.52
178.655
178.611
178.584
178.661
178.612
178.92
178.726
178.579
205.643
179.085
183.76
178.753
178.719
178.719
178.772
178.693
178.622
178.584
179.34
178.536
178.584
178.566
178.683
178.552
181.611
178.667
178.723
178.842
178.975
178.712
178.762
179.214
178.987
178.736
182.009
180.134
180.407
179.35
179.398
178.698
178.653
179.159
178.598
178.605
178.682
178.697
183.435
178.754
182.857
178.879
178.726
178.888
179.991
179.057
179.693
183.866
179.299
179.086
183.731
186.079
181.319
180.435
179.84
179.513
205.974
178.593
178.628
178.627
178.62
178.642
178.657
178.649
178.981
178.836
191.503
180.032
179.044
180.016
179.339
180.691
187.103
184.196
181.106
179.783
180.419
183.443
191.724
179.439
179.083
193.351
213.059
178.604
178.653
178.612
178.633
178.777
179.332
180.172
179.138
179.582
179.118
178.969
179.558
181.31
181.55
182.808
189.185
182.258
183.591
198.922
179.348
180.741
178.655
178.563
178.593
178.605
178.643
195.36
178.652
178.692
179.002
179.679
178.689
178.712
191.21
179.117
178.693
179.808
179.969
179.302
221.135
180.244
182.947
182.824
184.336
179.707
178.813
178.678
178.667
178.609
178.63
178.643
178.646
178.825
184.706
179.678
178.58
179.164
179.719
185.283
179.992
179.472
179.785
179.979
179.015
179.904
179.867
180.09
179.181
178.699
178.728
178.644
189.013
178.587
178.632
178.599
178.549
178.611
178.615
179.323
178.738
179.12
179.82
178.789
178.828
179.363
180.526
178.852
180.969
179.823
180.497
182.879
