24.638
24.604
24.719
24.736
24.714
24.601
24.618
24.603
24.618
24.587
24.611
24.658
24.598
24.631
24.603
24.644
24.625
24.636
24.645
24.621
24.613
24.59
24.602
24.587
24.547
24.648
24.57
24.553
24.543
24.57
24.581
24.546
24.517
24.621
24.562
24.584
24.622
24.617
24.546
24.576
24.625
24.588
24.581
24.56
24.597
24.603
24.599
24.592
24.602
24.591
24.626
29.029
24.566
24.564
24.592
24.551
24.559
24.565
24.607
24.567
24.568
24.556
24.578
24.549
24.571
24.584
24.556
24.615
24.592
24.563
24.574
24.571
24.633
24.591
24.551
28.315
24.54
24.542
24.673
24.57
24.594
24.789
24.573
24.585
24.598
24.59
24.596
24.643
24.671
24.726
24.584
24.55
24.598
24.558
24.553
24.59
24.543
24.542
24.64
24.6
24.569
24.573
24.599
24.584
24.602
24.807
24.567
24.54
24.579
24.668
24.546
24.659
24.583
24.9
24.525
24.575
24.609
24.568
24.54
24.646
24.627
24.604
24.614
38.07
24.621
24.558
24.574
24.62
24.555
24.698
24.582
24.721
24.576
24.599
24.559
24.591
24.578
24.632
24.564
24.584
24.608
38.88
24.571
24.595
24.602
27.127
24.638
24.563
24.608
24.651
24.57
24.562
24.663
24.57
33.852
24.527
24.647
24.634
24.612
24.702
24.612
24.629
24.542
24.618
34.128
24.566
24.606
24.597
35.594
35.568
24.605
24.566
24.58
24.551
24.59
24.612
24.541
24.575
24.544
24.576
24.602
24.592
37.103
24.63
24.646
24.559
24.634
24.657
24.598
24.543
24.663
24.553
24.606
24.551
24.629
24.541
24.58
24.565
24.584
24.597
37.476
24.556
24.541
24.582
24.525
24.567
24.638
24.513
24.622
24.584
24.601
24.604
24.562
24.564
24.57
24.59
24.573
24.544
24.533
24.594
24.578
24.597
24.545
24.568
24.519
24.6
24.525
24.539
24.664
24.604
24.556
24.617
24.569
24.598
24.619
24.553
24.577
24.579
24.568
24.637
24.561
24.521
24.658
24.563
24.567
24.611
24.555
25.983
24.62
24.567
24.568
24.553
24.607
24.612
24.554
24.606
25.523
24.659
24.594
24.582
24.538
24.6
24.546
24.576
24.62
24.561
24.614
24.585
24.58
24.534
24.627
24.549
24.536
24.637
24.596
24.578
24.601
24.578
24.551
24.551
24.567
24.543
27.634
24.567
24.617
24.576
24.542
24.559
31.781
24.567
24.612
24.576
24.612
24.577
24.623
24.57
24.54
24.607
24.541
24.541
24.658
24.574
24.605
24.585
24.635
24.599
24.574
24.586
24.535
24.557
24.563
24.61
24.575
24.595
24.594
24.568
24.543
24.556
24.557
24.574
24.533
24.586
24.581
24.582
24.585
24.626
24.549
24.674
24.843
24.573
24.577
24.533
24.527
24.552
24.539
24.586
24.593
24.543
24.591
24.555
24.644
24.561
24.553
24.548
28.524
25.306
24.584
24.592
24.543
25.51
24.616
24.575
24.55
24.598
24.607
24.584
24.61
24.545
24.559
24.567
24.685
24.561
24.572
24.621
24.567
24.569
24.614
24.585
24.538
24.641
24.599
24.546
24.522
24.533
24.546
24.537
24.615
24.605
29.819
24.579
24.589
24.585
24.518
24.605
24.558
24.574
24.532
24.537
24.58
24.544
24.571
24.567
