130.513
130.462
130.446
130.526
130.5
130.541
130.65
130.459
130.458
130.528
130.467
130.474
130.541
130.442
130.442
130.487
130.416
130.49
130.5
130.453
130.553
130.893
130.447
130.442
130.39
130.48
130.491
130.434
130.425
130.405
130.454
131.135
130.503
130.438
130.477
130.458
130.495
130.494
130.501
130.448
130.381
130.424
130.476
130.509
130.498
130.489
130.497
130.528
130.569
130.472
130.479
130.507
130.464
130.473
130.506
130.5
130.523
130.493
130.487
130.476
130.526
130.481
130.485
130.478
130.481
130.642
130.526
130.507
130.47
130.559
130.516
130.585
130.357
130.447
130.411
130.427
130.509
130.49
130.506
130.511
130.494
130.456
130.497
130.49
130.439
130.424
130.437
130.424
130.417
130.466
130.433
130.423
130.424
130.469
130.507
130.478
130.411
130.468
130.452
130.412
130.498
130.479
130.422
130.422
130.529
130.404
130.483
130.519
130.501
130.527
130.469
130.456
130.479
130.498
130.51
130.464
130.533
130.487
130.475
130.464
130.466
130.478
130.53
130.431
130.457
130.484
130.498
130.422
130.392
130.412
130.432
130.523
130.459
130.457
144.246
144.364
130.462
130.429
130.514
130.473
130.47
130.409
130.451
130.412
130.479
130.406
130.47
130.462
130.421
130.489
130.45
130.479
130.555
