40.169
40.171
31.229
52.537
40.188
40.24
40.206
40.216
40.219
40.245
40.236
40.239
40.243
40.245
40.266
40.252
40.257
40.317
40.278
40.243
40.275
40.318
40.312
40.313
40.33
40.305
40.349
40.321
40.281
40.302
40.277
40.334
40.373
40.307
40.331
40.306
40.323
40.395
40.369
40.378
40.387
40.384
40.487
40.398
40.434
40.392
40.343
40.432
40.431
40.341
40.634
40.341
40.45
40.434
40.415
40.395
40.393
40.343
40.336
40.396
40.358
40.346
40.463
40.381
40.356
40.365
40.396
40.361
40.374
40.412
40.499
40.504
40.497
40.373
40.411
40.383
40.392
40.49
40.49
40.406
40.396
40.405
40.403
40.397
40.41
40.411
40.396
40.42
40.41
40.428
40.451
40.457
40.589
40.441
40.491
40.423
40.442
40.446
40.611
40.528
40.472
40.467
40.463
40.483
40.663
40.578
40.702
40.619
40.469
40.504
40.649
40.486
40.614
40.537
40.549
40.479
40.501
40.545
40.513
40.529
40.514
40.519
40.975
40.508
40.555
40.745
40.631
40.609
42.015
42.018
42.06
42.284
41.957
40.643
40.55
40.574
40.773
40.891
40.591
40.674
40.804
40.648
40.594
40.624
40.931
40.917
41.046
40.721
41.041
41.038
40.846
40.978
41.674
40.834
41.102
41.039
40.879
40.904
40.866
40.794
41.028
40.871
40.954
41.091
41.028
40.903
40.64
40.914
40.933
40.635
40.818
40.801
40.698
40.685
40.698
40.786
40.756
40.671
40.637
40.676
40.735
40.689
41.016
41.074
40.78
40.697
40.882
40.72
40.779
40.947
40.947
40.714
40.854
40.808
40.737
40.743
40.883
40.708
41.009
40.926
41.299
40.792
40.945
40.768
40.744
41.054
41.126
41.255
40.968
40.952
40.878
40.784
40.94
41.313
41.145
40.858
41.312
41.061
40.852
40.815
40.977
41.107
41.054
40.859
40.785
40.984
41.307
40.957
41.199
41.476
40.802
41.103
40.852
40.866
40.893
40.921
41.068
40.845
41.246
40.863
42.15
40.942
41.439
41.355
41.326
41.015
41.555
41.459
40.911
41.059
41.147
41.158
41.193
41.143
40.987
40.88
41.054
41.089
40.976
