130.509
130.413
130.439
130.538
130.464
130.486
130.506
130.618
131.219
130.476
130.445
130.426
130.489
130.446
130.465
130.446
130.39
130.446
130.382
130.44
130.518
130.483
130.414
130.419
130.372
130.447
130.419
130.418
130.474
130.392
130.401
131.071
130.429
130.46
130.434
130.503
130.495
130.487
130.474
130.43
130.411
130.429
130.481
130.496
130.443
130.418
130.463
130.509
130.461
130.484
130.435
130.46
130.46
130.459
130.459
130.453
130.522
130.518
130.442
130.445
130.498
130.507
130.432
130.439
130.526
130.436
130.449
130.483
130.514
130.496
130.482
130.527
130.371
130.334
130.415
130.403
130.419
130.425
130.536
130.478
130.463
130.437
130.516
130.461
130.591
130.357
130.365
130.4
130.408
130.443
130.411
130.457
130.423
130.38
130.403
130.438
130.456
130.439
130.438
130.486
130.459
130.459
130.391
130.42
130.452
130.374
130.495
130.483
130.46
130.476
130.443
130.527
130.478
130.458
130.405
130.489
130.504
130.421
130.435
130.464
130.435
130.457
130.475
130.468
130.443
130.486
130.402
130.381
130.372
130.398
130.45
130.422
130.508
130.414
144.154
144.152
130.457
130.417
130.508
130.447
130.448
130.391
130.418
130.476
130.424
130.423
130.413
130.407
130.437
130.422
130.466
130.482
130.462
