178.717
184.951
178.8
179.083
181.373
178.866
178.801
178.601
178.699
178.604
178.585
178.589
178.61
178.57
178.69
178.624
178.612
178.674
191.839
178.674
179.217
189.98
189.923
190.051
178.716
178.688
179.949
180.498
179.129
179.359
179.307
187.919
187.879
187.888
178.535
183.225
178.57
178.567
178.611
178.541
178.618
178.626
178.642
181.002
179.374
181.716
180.179
178.76
178.623
179.181
178.941
178.927
179.235
178.83
181.177
178.652
178.582
178.547
178.577
178.585
178.614
184.75
179.572
179.251
178.598
178.764
179.3
179.24
179.435
179.071
179.637
178.675
179.166
178.613
179.17
178.922
178.66
178.73
178.665
178.553
178.604
178.591
178.581
178.605
178.622
178.777
178.649
178.605
178.63
178.614
178.935
178.804
179.234
178.877
179.068
178.841
179.178
181.371
179.495
179.865
180.183
179.496
179.001
178.728
178.66
178.662
178.653
178.622
178.664
178.688
178.588
178.77
178.946
178.944
180.077
179.908
178.899
179.664
179.539
179.331
179.369
183.5
182.844
182.389
182.001
179.268
179.214
178.72
178.667
178.616
178.619
178.668
178.614
178.773
178.764
178.841
182.694
183.037
189.827
179.53
179.263
178.745
182.084
182.489
182.213
181.355
179.382
181.65
217.315
181.25
179.204
178.649
178.668
199.236
202.435
235.637
178.621
178.687
186.811
179.203
179.055
178.924
181.269
180.144
179.804
179.964
180.385
181.799
181.369
184.922
185.308
181.198
179.788
179.079
210.208
178.626
184.949
208.41
178.637
178.678
178.604
178.623
199.564
179.543
179.362
209.731
178.706
178.742
179.246
191.686
180.086
180.171
179.649
181.08
179.891
181.179
186.385
182.095
179.062
178.756
178.665
178.65
178.642
178.657
187.601
178.593
179.237
178.644
180.465
196.109
180.201
179.038
178.919
180.492
179.699
178.9
179.281
180.032
181.098
179.718
179.311
178.682
178.792
178.723
178.67
178.559
178.569
180.403
178.579
178.627
178.55
178.678
178.688
178.755
179.255
179.358
178.99
180.374
179.622
178.863
178.723
179.386
181.187
180.163
178.801
178.66
178.57
178.61
178.562
178.573
178.568
178.547
179.634
178.76
178.617
178.643
178.704
178.872
178.799
178.647
178.879
178.574
178.669
178.552
178.559
178.65
185.214
178.774
179.983
179.023
178.846
178.677
178.799
178.808
178.686
178.717
184.951
178.8
179.083
181.373
178.866
178.801
178.601
178.699
178.604
178.585
178.589
178.61
178.57
178.69
178.624
178.612
178.674
191.839
178.674
179.217
189.98
189.923
190.051
178.716
178.688
179.949
180.498
179.129
179.359
179.307
187.919
187.879
187.888
178.535
183.225
178.57
178.567
178.611
178.541
178.618
178.626
178.642
181.002
179.374
181.716
180.179
178.76
178.623
179.181
178.941
178.927
179.235
178.83
181.177
178.652
178.582
178.547
178.577
178.585
178.614
184.75
179.572
179.251
178.598
178.764
179.3
179.24
179.435
179.071
179.637
178.675
179.166
178.613
179.17
178.922
178.66
178.73
178.665
178.553
178.604
178.591
178.581
178.605
178.622
178.777
178.649
178.605
178.63
178.614
178.935
178.804
179.234
178.877
179.068
178.841
179.178
181.371
179.495
179.865
180.183
179.496
179.001
178.728
178.66
178.662
178.653
178.622
178.664
178.688
178.588
178.77
178.946
178.944
180.077
179.908
178.899
179.664
179.539
179.331
179.369
183.5
182.844
182.389
182.001
179.268
179.214
178.72
178.667
178.616
178.619
178.668
178.614
178.773
178.764
178.841
182.694
183.037
189.827
179.53
179.263
178.745
182.084
182.489
182.213
181.355
179.382
181.65
217.315
181.25
179.204
178.649
178.668
199.236
202.435
235.637
178.621
178.687
186.811
179.203
179.055
178.924
181.269
180.144
179.804
179.964
180.385
181.799
181.369
184.922
185.308
181.198
179.788
179.079
210.208
178.626
184.949
208.41
178.637
178.678
178.604
178.623
199.564
179.543
179.362
209.731
178.706
178.742
179.246
191.686
180.086
180.171
181.08
179.891
181.179
186.385
182.095
179.062
178.756
178.665
178.65
178.642
178.657
187.601
178.593
179.237
178.644
180.465
196.109
180.201
179.038
178.919
180.492
179.699
178.9
179.281
180.032
181.098
179.718
179.311
178.682
178.792
178.723
178.67
178.559
178.569
180.403
178.579
178.627
178.55
178.678
178.688
178.755
179.255
179.358
178.99
180.374
179.622
178.863
178.723
179.386
181.187
180.163
178.801
178.66
178.57
178.61
178.562
178.573
178.568
178.547
179.634
178.76
178.617
178.643
178.704
178.872
178.799
178.647
178.879
