37.569
34.868
94.793
101.541
59.243
85.124
39.331
97.647
47.086
63.755
39.04
65.724
132.714
50.604
150.223
144.184
41.574
39.37
46.14
108.094
56.631
41.314
111.206
59.627
211.173
53.08
312.922
47.493
121.014
102.732
98.916
57.81
121.062
41.385
38.853
118.426
62.3
71.428
41.501
74.906
96.322
42.647
134.957
49.856
67.889
85.9
194.566
317.635
63.29
142.194
50.404
44.781
58.846
185.974
56.01
44.627
42.819
40.152
40.037
41.812
41.832
41.488
46.476
44.894
42.86
38.4
43.387
44.336
45.387
45.312
39.658
40.427
46.042
45.21
42.296
44.302
42.488
45.986
43.616
40.238
40.987
41.64
40.008
41.595
40.101
47.418
39.415
45.026
46.435
42.157
43.232
45.525
39.558
41.082
43.366
42.878
43.692
42.221
41.805
39.546
42.787
43.611
42.556
44.218
41.786
42.574
40.689
42.211
43.958
43.999
43.606
41.857
43.806
44.54
40.442
40.968
45.452
43.501
43.108
42.362
39.967
40.17
49.474
58.618
44.279
59.517
46.119
89.319
40.895
56.349
53.266
42.994
45.297
58.216
44.18
53.773
62.688
63.377
73.447
88.093
64.136
70.953
70.438
66.012
70.904
68.497
68.865
52.646
54.31
50.923
52.977
43.183
67.099
59.128
57.557
55.741
50.774
53.531
45.932
61.672
47.936
56.039
47.508
78.22
36.998
37.313
37.289
41.423
39.009
41.492
39.129
42.153
40.206
49.105
80.485
41.935
50.681
35.315
36.711
37.425
35.979
36.919
35.323
37.664
38.45
36.836
37.499
41.391
35.732
37.126
35.248
42.786
40.01
40.476
41.332
43.507
44.916
51.927
49.805
50.373
43.403
37.941
40.308
38.807
34.533
40.318
43.687
40.176
45.239
35.45
56.498
35.661
35.673
35.277
35.853
36.925
37.481
37.264
36.537
36.884
54.106
36.591
35.589
37.322
40.439
40.885
41.015
37.033
42.777
36.86
42.054
41.124
41.135
169.19
35.281
45.582
40.232
35.836
36.703
35.796
39.713
36.682
39.179
42.385
59.256
34.43
47.673
42.901
36.89
40.806
39.063
44.826
36.071
42.926
44.184
35.06
41.366
